start=6145.472542
volume=88.000000
fullscreen=yes
