start=1313.277000
volume=114.000000
fullscreen=yes
aid=2
sid=2
