start=21.313000
volume=82.000000
