start=8979.160000
volume=70.000000
fullscreen=yes
