start=2593.883000
volume=102.000000
fullscreen=yes
