start=892.600000
pause=yes
volume=118.000000
fullscreen=yes
aid=2
