start=501.502002
volume=84.000000
fullscreen=yes
