start=9925.124000
volume=120.000000
fullscreen=yes
sid=1
