start=292.792000
volume=106.000000
fullscreen=yes
sid=1
