start=2622.474000
volume=120.000000
fullscreen=yes
