start=8391.792000
volume=80.000000
fullscreen=yes
