start=7174.209000
volume=94.000000
