start=2562.643000
volume=82.000000
