start=1494.785000
pause=yes
volume=130.000000
