start=3.258000
volume=142.000000
fullscreen=yes
