start=10028.080000
volume=126.000000
sid=no
