start=1422.037420
pause=yes
volume=90.000000
fullscreen=yes
aid=1
sid=2
