start=1484.792000
volume=90.000000
fullscreen=yes
